阅岬爻Kennedy Town 4.5 4.5 5.3 5.3 5.3 6.7 6.7 6.7 8.2 8.2 8.2 8.2 8.2 10.1 10.1 10.1 11.9 11.9 11.9 11.9 11.9 14.2 14.2 14.2 14.2 14.2 14.2 14.2 14.2 14.2 11.9 11.9 11.9 11.9 11.9 14.2 14.2 14.2 14.2 14.2 14.2 14.2 14.2 14.2 14.2 14.2 14.2 14.2 14.2 14.2 14.2 5.3 11.9 11.9 14.2 14.2 14.2 22.4 25.7 25.7 11.9 11.9 14.2 14.2 16.9 27.0 27.9 27.9 27.9 27.9 27.9 13.4 14.2 14.2 17.7 17.7 18.1 25.7 19.1 21.1 21.1 22.6 22.6 49.6 49.6 18.5 18.5 18.5 18.5 21.0 21.0 21.0 21.0
香港大W HKU 4.5 4.5 4.5 5.3 5.3 5.3 6.7 6.7 6.7 8.2 8.2 8.2 8.2 8.2 10.1 10.1 11.9 11.9 11.9 11.9 11.9 11.9 14.2 14.2 14.2 14.2 14.2 14.2 14.2 14.2 11.9 11.9 11.9 11.9 11.9 11.9 14.2 14.2 14.2 14.2 14.2 14.2 14.2 14.2 14.2 14.2 14.2 14.2 14.2 14.2 14.2 5.3 11.9 11.9 11.9 14.2 14.2 20.3 22.4 25.7 11.9 11.9 11.9 14.2 16.2 25.8 27.0 27.0 27.0 27.0 27.0 13.4 14.2 14.2 17.7 17.7 18.1 25.7 19.1 21.1 21.1 22.6 22.6 49.6 49.6 18.5 18.5 18.5 18.5 21.0 21.0 21.0 21.0
西IP Sai Ying Pun 4.5 4.5 4.5 4.5 5.3 5.3 5.3 6.7 6.7 6.7 8.2 8.2 8.2 8.2 8.2 10.1 11.9 11.9 11.9 11.9 11.9 11.9 11.9 14.2 14.2 14.2 14.2 14.2 14.2 14.2 11.9 11.9 11.9 11.9 11.9 11.9 11.9 14.2 14.2 14.2 14.2 14.2 14.2 14.2 14.2 14.2 14.2 14.2 14.2 14.2 14.2 4.5 11.9 11.9 11.9 14.2 14.2 20.3 22.4 25.7 11.9 11.9 11.9 14.2 16.2 25.8 27.0 27.0 27.0 27.0 27.0 11.9 11.9 11.9 15.5 15.5 16.0 23.6 16.7 18.1 18.1 20.3 20.3 47.6 47.6 15.6 15.6 15.6 15.6 19.0 19.0 19.0 19.0
上h Sheung Wan 5.3 4.5 4.5 4.5 4.5 5.3 5.3 5.3 6.7 6.7 6.7 8.2 8.2 8.2 8.2 8.2 9.7 9.7 11.9 11.9 11.9 11.9 11.9 14.2 14.2 14.2 14.2 14.2 14.2 14.2 11.9 11.9 11.9 11.9 11.9 11.9 11.9 14.2 14.2 14.2 14.2 14.2 14.2 14.2 14.2 14.2 14.2 14.2 14.2 14.2 14.2 4.5 9.7 11.9 11.9 14.2 14.2 20.3 22.4 25.7 9.7 9.7 11.9 14.2 16.2 25.8 27.0 27.0 27.0 27.0 27.0 11.3 11.6 11.9 15.5 15.5 16.0 23.6 16.7 18.1 18.1 20.3 20.3 47.6 47.6 15.6 15.6 15.6 15.6 19.0 19.0 19.0 19.0
中hCentral 5.3 5.3 4.5 4.5 4.5 4.5 5.3 5.3 5.3 6.7 6.7 6.7 8.2 8.2 8.2 8.2 9.7 9.7 11.9 11.9 11.9 11.9 11.9 14.2 14.2 14.2 14.2 14.2 14.2 14.2 11.9 11.9 11.9 11.9 11.9 11.9 11.9 14.2 14.2 14.2 14.2 14.2 14.2 14.2 14.2 14.2 14.2 14.2 14.2 14.2 14.2 9.7 11.9 11.9 14.2 14.2 20.3 22.4 25.7 9.7 9.7 11.9 14.2 16.2 25.8 27.0 27.0 27.0 27.0 27.0 11.3 11.6 11.9 15.5 15.5 16.0 23.6 16.7 18.1 18.1 20.3 20.3 47.6 47.6 15.6 15.6 15.6 15.6 19.0 19.0 19.0 19.0
金 Admiralty 5.3 5.3 5.3 4.5 4.5 4.5 4.5 5.3 5.3 6.7 6.7 6.7 8.2 8.2 8.2 8.2 9.7 9.7 11.9 11.9 11.9 11.9 11.9 14.2 14.2 14.2 14.2 14.2 14.2 14.2 11.9 11.9 11.9 11.9 11.9 11.9 11.9 14.2 14.2 14.2 14.2 14.2 14.2 14.2 14.2 14.2 14.2 14.2 14.2 14.2 14.2 4.5 9.7 11.9 11.9 14.2 14.2 20.3 22.4 25.7 9.7 9.7 11.9 14.2 16.2 25.8 27.0 27.0 27.0 27.0 27.0 11.3 11.6 11.9 15.5 15.5 16.0 23.6 16.7 18.1 18.1 20.3 20.3 47.6 47.6 15.6 15.6 15.6 15.6 19.0 19.0 19.0 19.0
匙 Wan Chai 6.7 5.3 5.3 5.3 4.5 4.5 4.5 4.5 5.3 5.3 6.7 6.7 8.2 8.2 8.2 8.2 9.7 9.7 11.9 11.9 11.9 11.9 11.9 14.2 14.2 14.2 14.2 14.2 14.2 14.2 11.9 11.9 11.9 11.9 11.9 11.9 11.9 14.2 14.2 14.2 14.2 14.2 11.9 11.9 11.9 11.9 14.2 14.2 14.2 14.2 14.2 4.5 9.7 11.9 11.9 14.2 14.2 20.3 22.4 25.7 9.7 9.7 11.9 14.2 16.2 25.8 27.0 27.0 27.0 27.0 27.0 11.3 11.6 11.9 15.5 15.5 16.0 23.6 16.7 18.1 18.1 20.3 20.3 47.6 47.6 15.6 15.6 15.6 15.6 19.0 19.0 19.0 19.0
~ Causeway Bay 6.7 6.7 5.3 5.3 5.3 4.5 4.5 4.5 4.5 5.3 5.3 6.7 6.7 8.2 8.2 8.2 11.9 11.9 11.9 11.9 11.9 11.9 11.9 14.2 14.2 14.2 14.2 14.2 14.2 14.2 11.9 11.9 11.9 11.9 11.9 11.9 11.9 14.2 14.2 14.2 14.2 11.9 11.9 11.9 11.9 11.9 11.9 14.2 14.2 14.2 14.2 5.3 11.9 11.9 11.9 14.2 14.2 20.3 22.4 25.7 11.9 11.9 11.9 14.2 16.2 25.8 27.0 27.0 27.0 27.0 27.0 11.9 11.9 11.9 15.5 15.5 16.0 23.6 16.7 18.1 18.1 20.3 20.3 47.6 47.6 15.6 15.6 15.6 15.6 19.0 19.0 19.0 19.0
天后Tin Hau 6.7 6.7 6.7 5.3 5.3 5.3 4.5 4.5 4.5 4.5 5.3 5.3 6.7 6.7 8.2 8.2 11.9 11.9 11.9 11.9 11.9 11.9 14.2 14.2 14.2 14.2 14.2 14.2 14.2 14.2 11.9 11.9 11.9 11.9 11.9 11.9 14.2 14.2 14.2 14.2 11.9 11.9 11.9 11.9 11.9 11.9 11.9 11.9 14.2 14.2 14.2 5.3 11.9 11.9 11.9 14.2 14.2 20.3 22.4 25.7 11.9 11.9 11.9 14.2 16.2 25.8 27.0 27.0 27.0 27.0 27.0 13.4 14.2 14.2 17.7 17.7 18.1 25.7 19.1 21.1 21.1 22.6 22.6 49.6 49.6 18.5 18.5 18.5 18.5 21.0 21.0 21.0 21.0
炮台山Fortress Hill 8.2 6.7 6.7 6.7 5.3 5.3 5.3 4.5 4.5 4.5 4.5 5.3 5.3 6.7 6.7 6.7 11.9 11.9 11.9 11.9 11.9 14.2 14.2 14.2 14.2 14.2 14.2 14.2 14.2 14.2 11.9 11.9 11.9 11.9 11.9 14.2 14.2 14.2 14.2 11.9 11.9 11.9 9.7 9.7 9.7 9.7 11.9 11.9 11.9 14.2 14.2 5.3 11.9 11.9 14.2 14.2 14.2 22.4 25.7 25.7 11.9 11.9 14.2 14.2 16.9 27.0 27.9 27.9 27.9 27.9 27.9 13.4 14.2 14.2 17.7 17.7 18.1 25.7 19.1 21.1 21.1 22.6 22.6 49.6 49.6 18.5 18.5 18.5 18.5 21.0 21.0 21.0 21.0
北角North Point 8.2 8.2 6.7 6.7 6.7 6.7 5.3 5.3 4.5 4.5 4.5 4.5 5.3 5.3 6.7 6.7 11.9 11.9 11.9 11.9 14.2 14.2 14.2 14.2 14.2 14.2 14.2 14.2 14.2 14.2 14.2 11.9 11.9 11.9 14.2 14.2 14.2 14.2 11.9 11.9 11.9 11.9 9.7 9.7 9.7 9.7 11.9 11.9 11.9 11.9 11.9 6.7 11.9 11.9 14.2 14.2 14.2 22.4 25.7 25.7 11.9 11.9 14.2 14.2 16.9 27.0 27.9 27.9 27.9 27.9 27.9 13.4 14.5 14.2 17.7 17.7 18.1 25.7 19.1 21.1 21.1 22.6 22.6 49.6 49.6 18.5 18.5 18.5 18.5 21.0 21.0 21.0 21.0
f~涌Quarry Bay 8.2 8.2 8.2 6.7 6.7 6.7 6.7 5.3 5.3 4.5 4.5 4.5 4.5 5.3 5.3 6.7 11.9 11.9 11.9 14.2 14.2 14.2 14.2 14.2 14.2 14.2 14.2 14.2 14.2 14.2 14.2 14.2 11.9 14.2 14.2 14.2 14.2 14.2 11.9 11.9 11.9 11.9 9.7 9.7 9.7 9.7 11.9 11.9 11.9 11.9 11.9 6.7 11.9 14.2 14.2 14.2 14.2 22.4 25.7 25.7 11.9 11.9 14.2 14.2 16.9 27.0 27.9 27.9 27.9 27.9 27.9 13.4 14.5 14.2 17.7 17.7 18.1 25.7 19.1 21.1 21.1 22.6 22.6 49.6 49.6 18.5 18.5 18.5 18.5 21.0 21.0 21.0 21.0
太古 Tai Koo 8.2 8.2 8.2 8.2 6.7 6.7 6.7 6.7 5.3 5.3 4.5 4.5 4.5 4.5 5.3 5.3 14.2 14.2 14.2 14.2 14.2 14.2 14.2 14.2 14.2 14.2 14.2 14.2 14.2 14.2 14.2 14.2 14.2 14.2 14.2 14.2 14.2 14.2 11.9 11.9 11.9 11.9 9.7 9.7 9.7 9.7 11.9 11.9 11.9 11.9 11.9 6.7 14.2 14.2 14.2 14.2 14.2 22.4 25.7 25.7 14.2 14.2 14.2 14.2 16.9 27.0 27.9 27.9 27.9 27.9 27.9 15.4 15.4 14.2 17.7 17.7 18.1 25.7 19.1 21.1 21.1 22.6 22.6 49.6 49.6 18.5 18.5 18.5 18.5 21.0 21.0 21.0 21.0
西澈Sai Wan Ho 8.2 8.2 8.2 8.2 8.2 8.2 8.2 6.7 6.7 5.3 5.3 4.5 4.5 4.5 4.5 4.5 14.2 14.2 14.2 14.2 14.2 14.2 14.2 14.2 14.2 14.2 14.2 14.2 14.2 14.2 14.2 14.2 14.2 14.2 14.2 14.2 14.2 14.2 14.2 11.9 11.9 11.9 9.7 9.7 9.7 9.7 11.9 11.9 11.9 14.2 14.2 8.2 14.2 14.2 14.2 14.2 14.2 22.4 25.7 25.7 14.2 14.2 14.2 14.2 16.9 27.0 27.9 27.9 27.9 27.9 27.9 15.4 15.4 14.2 17.7 17.7 18.1 25.7 19.1 21.1 21.1 22.6 22.6 49.6 49.6 18.5 18.5 18.5 18.5 21.0 21.0 21.0 21.0
筲箕 Shau Kei Wan 10.1 8.2 8.2 8.2 8.2 8.2 8.2 8.2 6.7 6.7 5.3 5.3 4.5 4.5 4.5 4.5 14.2 14.2 14.2 14.2 14.2 14.2 14.2 14.2 14.2 14.2 14.2 14.2 14.2 14.2 14.2 14.2 14.2 14.2 14.2 14.2 14.2 14.2 14.2 14.2 11.9 11.9 11.9 11.9 11.9 11.9 11.9 11.9 14.2 14.2 14.2 8.2 14.2 14.2 14.2 14.2 14.2 22.4 25.7 25.7 14.2 14.2 14.2 14.2 16.9 27.0 27.9 27.9 27.9 27.9 27.9 15.4 15.4 14.2 17.7 17.7 18.1 25.7 19.1 21.1 21.1 22.6 22.6 49.6 49.6 18.5 18.5 18.5 18.5 21.0 21.0 21.0 21.0
杏花 Heng Fa Chuen 10.1 10.1 8.2 8.2 8.2 8.2 8.2 8.2 8.2 6.7 6.7 5.3 5.3 4.5 4.5 4.5 14.2 14.2 14.2 14.2 14.2 14.2 14.2 14.2 14.2 14.2 14.2 14.2 14.2 14.2 14.2 14.2 14.2 14.2 14.2 14.2 14.2 14.2 14.2 14.2 14.2 11.9 11.9 11.9 11.9 11.9 11.9 14.2 14.2 14.2 14.2 8.2 14.2 14.2 14.2 14.2 14.2 22.4 25.7 25.7 14.2 14.2 14.2 14.2 16.9 27.0 27.9 27.9 27.9 27.9 27.9 15.4 15.4 14.2 17.7 17.7 18.1 25.7 19.1 21.1 21.1 22.6 22.6 49.6 49.6 18.5 18.5 18.5 18.5 21.0 21.0 21.0 21.0
柴 Chai Wan 10.1 10.1 10.1 8.2 8.2 8.2 8.2 8.2 8.2 6.7 6.7 6.7 5.3 4.5 4.5 4.5 14.2 14.2 14.2 14.2 14.2 14.2 14.2 14.2 14.2 14.2 14.2 14.2 14.2 14.2 14.2 14.2 14.2 14.2 14.2 14.2 14.2 14.2 14.2 14.2 14.2 14.2 11.9 11.9 11.9 11.9 14.2 14.2 14.2 14.2 14.2 8.2 14.2 14.2 14.2 14.2 14.2 22.4 25.7 25.7 14.2 14.2 14.2 14.2 16.9 27.0 27.9 27.9 27.9 27.9 27.9 15.4 15.4 14.2 17.7 17.7 18.1 25.7 19.1 21.1 21.1 22.6 22.6 49.6 49.6 18.5 18.5 18.5 18.5 21.0 21.0 21.0 21.0

尖沙咀 Tsim Sha Tsui 11.9 11.9 11.9 9.7 9.7 9.7 9.7 11.9 11.9 11.9 11.9 11.9 14.2 14.2 14.2 14.2 14.2 4.5 4.5 5.3 5.3 6.7 6.7 8.0 8.0 10.1 10.1 10.1 10.1 10.1 5.3 5.3 4.5 5.3 5.3 6.7 6.7 8.2 8.2 8.2 8.2 8.2 8.2 8.2 8.2 8.2 10.1 10.1 10.1 10.1 10.1 9.7 4.5 5.3 5.6 10.1 10.1 14.3 16.9 20.3 4.5 5.6 8.0 10.1 20.0 21.0 21.0 21.0 21.0 21.0 4.4 5.3 6.7 9.2 9.2 10.1 15.9 10.1 12.1 12.1 13.5 13.5 40.4 40.4 10.2 10.2 10.2 10.2 12.9 12.9 12.9 12.9
佐敦 Jordan 11.9 11.9 11.9 9.7 9.7 9.7 9.7 11.9 11.9 11.9 11.9 11.9 14.2 14.2 14.2 14.2 14.2 4.5 4.5 4.5 5.3 5.3 6.7 6.7 8.0 8.2 10.1 10.1 10.1 10.1 5.3 4.5 4.5 4.5 5.3 5.3 6.7 6.7 8.2 8.2 8.2 8.2 8.2 8.2 8.2 8.2 10.1 10.1 10.1 10.1 10.1 9.7 4.5 4.5 5.3 8.2 10.1 14.3 16.9 20.3 4.5 4.5 5.3 8.0 9.3 18.8 19.9 19.9 19.9 19.9 19.9 4.5 5.3 6.7 9.2 9.2 10.1 15.9 10.1 12.1 12.1 13.5 13.5 42.6 42.6 10.2 10.2 10.2 10.2 12.0 12.0 12.0 12.0
油麻地 Yau Ma Tei 11.9 11.9 11.9 11.9 11.9 11.9 11.9 11.9 11.9 11.9 11.9 11.9 14.2 14.2 14.2 14.2 14.2 4.5 4.5 4.5 4.5 5.3 5.3 6.7 6.7 8.2 8.2 10.1 10.1 10.1 4.5 4.5 4.5 4.5 5.3 5.3 6.7 6.7 8.2 8.2 8.2 8.2 8.2 8.2 8.2 10.1 10.1 10.1 10.1 10.1 11.9 4.5 4.5 5.3 8.2 10.1 14.3 16.9 20.3 4.5 4.5 5.3 6.7 9.1 18.8 19.9 19.9 19.9 19.9 19.9 5.3 5.3 5.3 8.7 8.7 9.2 15.9 9.9 11.5 11.5 12.3 12.3 41.4 41.4 8.9 8.9 8.9 8.9 10.8 10.8 10.8 10.8
旺角Mong Kok 11.9 11.9 11.9 11.9 11.9 11.9 11.9 11.9 11.9 11.9 11.9 14.2 14.2 14.2 14.2 14.2 14.2 5.3 4.5 4.5 4.5 4.5 5.3 5.3 6.7 6.7 8.2 8.2 8.2 8.2 5.3 4.5 4.5 4.5 4.5 5.3 5.3 6.7 6.7 8.2 8.2 8.2 8.2 8.2 8.2 10.1 10.1 10.1 10.1 10.1 11.9 4.5 4.5 4.5 6.7 8.2 14.3 16.9 20.3 5.3 4.5 4.5 6.7 8.3 17.1 19.0 19.0 19.0 19.0 19.0 5.3 4.5 5.3 8.7 8.7 9.2 15.9 9.9 11.5 11.5 12.3 12.3 41.4 41.4 8.9 8.9 8.9 8.9 10.8 10.8 10.8 10.8
太子 Prince Edward 11.9 11.9 11.9 11.9 11.9 11.9 11.9 11.9 11.9 11.9 14.2 14.2 14.2 14.2 14.2 14.2 14.2 5.3 5.3 4.5 4.5 4.5 4.5 5.3 5.3 6.7 6.7 8.2 8.2 8.2 5.3 5.3 4.5 4.5 4.5 4.5 5.3 5.3 6.7 6.7 8.2 8.2 8.2 8.2 8.2 10.1 10.1 10.1 10.1 10.1 11.9 5.3 4.5 4.5 6.7 8.2 14.3 16.9 20.3 5.3 5.3 4.5 5.3 7.8 16.9 18.8 18.8 18.8 18.8 18.8 5.3 4.5 4.5 7.7 7.7 8.2 15.5 8.9 10.6 10.6 11.3 11.3 40.5 40.5 7.8 7.8 7.8 7.8 9.8 9.8 9.8 9.8
深水 Sham Shui Po 14.2 11.9 11.9 11.9 11.9 11.9 11.9 11.9 11.9 14.2 14.2 14.2 14.2 14.2 14.2 14.2 14.2 6.7 5.3 5.3 4.5 4.5 4.5 4.5 5.3 5.3 6.7 6.7 8.2 8.2 6.7 5.3 5.3 4.5 4.5 4.5 4.5 5.3 5.3 6.7 6.7 8.2 8.2 8.2 8.2 10.1 10.1 10.1 10.1 10.1 10.1 11.9 5.3 4.5 4.5 5.3 6.7 11.9 14.3 16.9 6.7 5.3 4.5 5.3 7.8 16.9 18.8 18.8 18.8 18.8 18.8 5.3 5.3 4.5 7.7 7.7 8.2 15.5 8.9 10.6 10.6 11.3 11.3 40.5 40.5 7.8 7.8 7.8 7.8 9.8 9.8 9.8 9.8
L沙 Cheung Sha Wan 14.2 14.2 11.9 11.9 11.9 11.9 11.9 11.9 14.2 14.2 14.2 14.2 14.2 14.2 14.2 14.2 14.2 6.7 6.7 5.3 5.3 4.5 4.5 4.5 4.5 5.3 5.3 6.7 6.7 8.2 6.7 6.7 5.3 5.3 4.5 4.5 5.3 5.3 6.7 6.7 8.2 8.2 8.2 8.2 8.2 10.1 10.1 10.1 10.1 10.1 10.1 11.9 6.7 5.3 4.5 5.3 6.7 11.9 14.3 16.9 6.7 6.7 4.5 4.5 6.8 15.9 17.1 17.1 17.1 17.1 17.1 6.4 6.4 5.3 8.7 8.7 9.2 16.6 9.9 11.5 11.5 12.3 12.3 41.4 41.4 8.9 8.9 8.9 8.9 10.8 10.8 10.8 10.8
荔枝角Lai Chi Kok 14.2 14.2 14.2 14.2 14.2 14.2 14.2 14.2 14.2 14.2 14.2 14.2 14.2 14.2 14.2 14.2 14.2 8.0 6.7 6.7 5.3 5.3 4.5 4.5 4.5 4.5 5.3 5.3 6.7 6.7 8.0 6.7 6.7 5.3 5.3 5.3 5.3 6.7 6.7 8.2 8.2 8.2 8.2 8.2 8.2 10.1 10.1 10.1 10.1 10.1 10.1 14.2 6.7 5.3 4.5 4.5 5.3 11.9 14.3 16.9 8.0 6.7 4.5 4.5 6.8 15.9 17.1 17.1 17.1 17.1 17.1 6.4 6.4 5.3 8.7 8.7 9.2 16.6 9.9 11.5 11.5 12.3 12.3 41.4 41.4 8.9 8.9 8.9 8.9 10.8 10.8 10.8 10.8
美孚 Mei Foo 14.2 14.2 14.2 14.2 14.2 14.2 14.2 14.2 14.2 14.2 14.2 14.2 14.2 14.2 14.2 14.2 14.2 8.0 8.0 6.7 6.7 5.3 5.3 4.5 4.5 4.5 4.5 5.3 5.3 6.7 8.0 8.0 6.7 6.7 5.3 5.3 6.7 6.7 8.2 8.2 8.2 10.1 10.1 10.1 10.1 10.1 10.1 10.1 10.1 10.1 10.1 14.2 8.2 6.7 5.3 4.5 5.3 11.9 14.3 16.9 8.0 8.0 5.3 6.5 14.2 15.2 15.2 15.2 15.2 15.2 8.0 8.0 6.7 10.1 10.1 10.6 17.7 11.1 12.1 12.1 13.6 13.6 42.6 42.6 10.2 10.2 10.2 10.2 12.0 12.0 12.0 12.0
荔景 Lai King 14.2 14.2 14.2 14.2 14.2 14.2 14.2 14.2 14.2 14.2 14.2 14.2 14.2 14.2 14.2 14.2 14.2 10.1 8.2 8.2 6.7 6.7 5.3 5.3 4.5 4.5 4.5 4.5 5.3 5.3 10.1 8.2 8.2 6.7 6.7 6.7 6.7 8.2 8.2 8.2 10.1 10.1 10.1 10.1 10.1 10.1 10.1 10.1 10.1 11.9 11.9 14.2 8.2 6.7 5.3 4.5 11.9 14.3 16.9 10.1 8.2 5.3 4.5 5.3 15.9 17.1 17.1 17.1 17.1 17.1 7.6 7.6 6.7 10.1 10.1 10.6 17.7 11.1 12.1 12.1 13.6 13.6 42.6 42.6 10.2 10.2 10.2 10.2 12.0 12.0 12.0 12.0
葵芳 Kwai Fong 14.2 14.2 14.2 14.2 14.2 14.2 14.2 14.2 14.2 14.2 14.2 14.2 14.2 14.2 14.2 14.2 14.2 10.1 10.1 8.2 8.2 6.7 6.7 5.3 5.3 4.5 4.5 4.5 4.5 5.3 10.1 10.1 8.2 8.2 6.7 6.7 8.2 8.2 8.2 10.1 10.1 10.1 10.1 10.1 10.1 10.1 10.1 10.1 11.9 11.9 11.9 14.2 10.1 8.2 6.7 4.5 4.5 11.9 14.3 16.9 10.1 10.1 6.7 4.5 5.3 15.9 17.1 17.1 17.1 17.1 17.1 9.1 9.1 8.2 11.0 11.0 11.3 20.0 12.0 13.6 13.6 15.8 15.8 44.0 44.0 11.0 11.0 11.0 11.0 14.3 14.3 14.3 14.3
葵d Kwai Hing 14.2 14.2 14.2 14.2 14.2 14.2 14.2 14.2 14.2 14.2 14.2 14.2 14.2 14.2 14.2 14.2 14.2 10.1 10.1 10.1 8.2 8.2 6.7 6.7 5.3 5.3 4.5 4.5 4.5 4.5 10.1 10.1 10.1 8.2 8.2 8.2 8.2 8.2 10.1 10.1 10.1 10.1 10.1 10.1 10.1 10.1 10.1 11.9 11.9 11.9 11.9 14.2 10.1 8.2 6.7 4.5 4.5 11.9 14.3 16.9 10.1 10.1 6.7 5.3 5.3 16.9 18.8 18.8 18.8 18.8 18.8 9.1 9.1 8.2 11.0 11.0 11.3 20.0 12.0 13.6 13.6 15.8 15.8 44.0 44.0 11.0 11.0 11.0 11.0 14.3 14.3 14.3 14.3
大C口 Tai Wo Hau 14.2 14.2 14.2 14.2 14.2 14.2 14.2 14.2 14.2 14.2 14.2 14.2 14.2 14.2 14.2 14.2 14.2 10.1 10.1 10.1 8.2 8.2 8.2 6.7 6.7 5.3 5.3 4.5 4.5 4.5 10.1 10.1 10.1 8.2 8.2 8.2 8.2 10.1 10.1 10.1 10.1 10.1 10.1 10.1 10.1 10.1 11.9 11.9 11.9 11.9 11.9 14.2 10.1 8.2 8.2 5.3 4.5 11.9 14.3 16.9 10.1 10.1 8.2 5.3 4.5 16.9 18.8 18.8 18.8 18.8 18.8 9.1 9.1 8.2 11.0 11.0 11.3 20.0 12.0 13.6 13.6 15.8 15.8 44.0 44.0 11.0 11.0 11.0 11.0 14.3 14.3 14.3 14.3
荃 Tsuen Wan 14.2 14.2 14.2 14.2 14.2 14.2 14.2 14.2 14.2 14.2 14.2 14.2 14.2 14.2 14.2 14.2 14.2 10.1 10.1 10.1 8.2 8.2 8.2 8.2 6.7 6.7 5.3 5.3 4.5 4.5 10.1 10.1 10.1 8.2 8.2 8.2 8.2 10.1 10.1 10.1 10.1 10.1 10.1 10.1 10.1 11.9 11.9 11.9 11.9 11.9 11.9 14.2 10.1 8.2 8.2 5.3 4.5 11.9 14.3 16.9 10.1 10.1 8.2 6.7 4.5 19.0 20.0 20.0 20.0 20.0 20.0 9.1 9.1 8.2 11.0 11.0 11.3 20.0 12.0 13.6 13.6 15.8 15.8 44.0 44.0 11.0 11.0 11.0 11.0 14.3 14.3 14.3 14.3

S埔Whampoa 11.9 11.9 11.9 11.9 11.9 11.9 11.9 11.9 11.9 11.9 14.2 14.2 14.2 14.2 14.2 14.2 14.2 5.3 5.3 4.5 5.3 5.3 6.7 6.7 8.0 8.0 10.1 10.1 10.1 10.1 10.1 4.5 4.5 5.3 5.3 6.7 6.7 8.2 8.2 8.2 8.2 8.2 8.2 8.2 8.2 8.2 10.1 10.1 10.1 10.1 10.1 11.9 5.6 5.6 5.6 10.1 10.1 14.3 16.9 20.3 5.3 5.6 5.6 8.0 10.1 20.0 21.0 21.0 21.0 21.0 21.0 4.5 5.3 6.7 9.2 9.2 10.1 15.9 10.1 12.1 12.1 13.5 13.5 42.6 42.6 10.2 10.2 10.2 10.2 12.9 12.9 12.9 12.9
何文田Ho Man Tin 11.9 11.9 11.9 11.9 11.9 11.9 11.9 11.9 11.9 11.9 11.9 14.2 14.2 14.2 14.2 14.2 14.2 5.3 4.5 4.5 4.5 5.3 5.3 6.7 6.7 8.0 8.2 10.1 10.1 10.1 10.1 4.5 4.5 4.5 5.3 5.3 6.7 6.7 8.2 8.2 8.2 8.2 8.2 8.2 8.2 8.2 10.1 10.1 10.1 10.1 10.1 11.9 5.6 5.6 5.6 8.2 10.1 14.3 16.9 20.3 5.3 5.6 5.6 8.0 9.3 18.8 19.9 19.9 19.9 19.9 19.9 4.5 5.3 6.7 9.2 9.2 10.1 15.9 10.1 12.1 12.1 13.5 13.5 42.6 42.6 10.2 10.2 10.2 10.2 12.0 12.0 12.0 12.0
油麻地Yau Ma Tei 11.9 11.9 11.9 11.9 11.9 11.9 11.9 11.9 11.9 11.9 11.9 11.9 14.2 14.2 14.2 14.2 14.2 4.5 4.5 4.5 4.5 5.3 5.3 6.7 6.7 8.2 8.2 10.1 10.1 10.1 4.5 4.5 4.5 4.5 5.3 5.3 6.7 6.7 8.2 8.2 8.2 8.2 8.2 8.2 8.2 10.1 10.1 10.1 10.1 10.1 11.9 4.5 4.5 5.3 8.2 10.1 14.3 16.9 20.3 4.5 4.5 5.3 6.7 9.1 18.8 19.9 19.9 19.9 19.9 19.9 5.3 5.3 5.3 8.7 8.7 9.2 15.9 9.9 11.5 11.5 12.3 12.3 41.4 41.4 8.9 8.9 8.9 8.9 10.8 10.8 10.8 10.8
旺角Mong Kok 11.9 11.9 11.9 11.9 11.9 11.9 11.9 11.9 11.9 11.9 11.9 14.2 14.2 14.2 14.2 14.2 14.2 5.3 4.5 4.5 4.5 4.5 5.3 5.3 6.7 6.7 8.2 8.2 8.2 8.2 5.3 4.5 4.5 4.5 4.5 5.3 5.3 6.7 6.7 8.2 8.2 8.2 8.2 8.2 8.2 10.1 10.1 10.1 10.1 10.1 11.9 4.5 4.5 4.5 6.7 8.2 14.3 16.9 20.3 5.3 4.5 4.5 6.7 8.3 17.1 19.0 19.0 19.0 19.0 19.0 5.3 4.5 5.3 8.7 8.7 9.2 15.9 9.9 11.5 11.5 12.3 12.3 41.4 41.4 8.9 8.9 8.9 8.9 10.8 10.8 10.8 10.8
太子Prince Edward 11.9 11.9 11.9 11.9 11.9 11.9 11.9 11.9 11.9 11.9 14.2 14.2 14.2 14.2 14.2 14.2 14.2 5.3 5.3 4.5 4.5 4.5 4.5 5.3 5.3 6.7 6.7 8.2 8.2 8.2 5.3 5.3 4.5 4.5 4.5 4.5 5.3 5.3 6.7 6.7 8.2 8.2 8.2 8.2 8.2 10.1 10.1 10.1 10.1 10.1 11.9 5.3 4.5 4.5 6.7 8.2 14.3 16.9 20.3 5.3 5.3 4.5 5.3 7.8 16.9 18.8 18.8 18.8 18.8 18.8 5.3 4.5 4.5 7.7 7.7 8.2 15.5 8.9 10.6 10.6 11.3 11.3 40.5 40.5 7.8 7.8 7.8 7.8 9.8 9.8 9.8 9.8
石尾Shek Kip Mei 14.2 11.9 11.9 11.9 11.9 11.9 11.9 11.9 11.9 14.2 14.2 14.2 14.2 14.2 14.2 14.2 14.2 6.7 5.3 5.3 4.5 4.5 4.5 4.5 5.3 5.3 6.7 6.7 8.2 8.2 8.2 6.7 5.3 5.3 4.5 4.5 4.5 4.5 5.3 5.3 6.7 6.7 8.2 8.2 8.2 8.2 10.1 10.1 10.1 10.1 10.1 11.9 5.3 4.5 4.5 6.7 8.2 14.3 16.9 20.3 6.7 5.3 4.5 5.3 7.8 16.9 18.8 18.8 18.8 18.8 18.8 5.3 5.3 4.5 7.7 7.7 8.2 15.5 8.9 10.6 10.6 11.3 11.3 40.5 40.5 7.8 7.8 7.8 7.8 9.8 9.8 9.8 9.8
九塘 Kowloon Tong 14.2 14.2 11.9 11.9 11.9 11.9 11.9 11.9 14.2 14.2 14.2 14.2 14.2 14.2 14.2 14.2 14.2 6.7 6.7 5.3 5.3 4.5 4.5 5.3 5.3 6.7 6.7 8.2 8.2 8.2 8.2 6.7 6.7 5.3 5.3 4.5 4.5 4.5 4.5 5.3 5.3 6.7 6.7 6.7 8.2 8.2 8.2 10.1 10.1 10.1 10.1 11.9 6.7 5.3 4.5 6.7 8.2 14.3 16.9 20.3 6.7 6.7 4.5 6.7 8.3 17.1 19.0 19.0 19.0 19.0 19.0 3.7 3.7 5.9 5.9 6.5 13.4 7.1 8.9 8.9 10.1 10.1 38.0 38.0 7.4 7.4 7.4 7.4 9.8 9.8 9.8 9.8
犯 Lok Fu 14.2 14.2 14.2 14.2 14.2 14.2 14.2 14.2 14.2 14.2 14.2 14.2 14.2 14.2 14.2 14.2 14.2 8.2 6.7 6.7 5.3 5.3 5.3 5.3 6.7 6.7 8.2 8.2 8.2 10.1 10.1 8.2 6.7 6.7 5.3 5.3 4.5 4.5 4.5 4.5 5.3 5.3 6.7 6.7 6.7 8.2 8.2 8.2 10.1 10.1 10.1 14.2 6.7 5.3 5.3 8.2 8.2 14.3 16.9 20.3 8.2 6.7 5.3 6.7 9.1 18.8 19.9 19.9 19.9 19.9 19.9 5.3 5.3 4.5 7.7 7.7 8.2 15.5 8.9 10.6 10.6 11.3 11.3 40.5 40.5 7.8 7.8 7.8 7.8 9.8 9.8 9.8 9.8
S大仙 Wong Tai Sin 14.2 14.2 14.2 14.2 14.2 14.2 14.2 14.2 14.2 14.2 11.9 11.9 11.9 14.2 14.2 14.2 14.2 8.2 8.2 6.7 6.7 5.3 5.3 6.7 6.7 8.2 8.2 8.2 10.1 10.1 10.1 8.2 8.2 6.7 6.7 5.3 5.3 4.5 4.5 4.5 4.5 5.3 5.3 6.7 6.7 8.2 8.2 8.2 8.2 10.1 10.1 14.2 8.2 6.7 5.3 8.2 10.1 14.3 16.9 20.3 8.2 8.2 5.3 8.2 9.3 18.8 19.9 19.9 19.9 19.9 19.9 5.3 5.3 4.5 7.7 7.7 8.2 15.5 8.9 10.6 10.6 11.3 11.3 40.5 40.5 7.8 7.8 7.8 7.8 9.8 9.8 9.8 9.8
石山 Diamond Hill 14.2 14.2 14.2 14.2 14.2 14.2 14.2 14.2 14.2 11.9 11.9 11.9 11.9 11.9 14.2 14.2 14.2 8.2 8.2 8.2 6.7 6.7 6.7 6.7 8.2 8.2 8.2 10.1 10.1 10.1 10.1 8.2 8.2 8.2 6.7 6.7 5.3 5.3 4.5 4.5 4.5 4.5 5.3 5.3 6.7 6.7 8.2 8.2 8.2 8.2 8.2 14.2 8.2 6.7 6.7 8.2 10.1 14.3 16.9 20.3 8.2 8.2 6.7 8.2 10.1 20.0 21.0 21.0 21.0 21.0 21.0 6.4 6.4 5.3 8.7 8.7 9.2 16.6 9.9 11.5 11.5 12.3 12.3 41.4 41.4 8.9 8.9 8.9 8.9 10.8 10.8 10.8 10.8
彩虹 Choi Hung 14.2 14.2 14.2 14.2 14.2 14.2 14.2 14.2 11.9 11.9 11.9 11.9 11.9 11.9 11.9 14.2 14.2 8.2 8.2 8.2 8.2 6.7 6.7 8.2 8.2 8.2 10.1 10.1 10.1 10.1 10.1 8.2 8.2 8.2 8.2 6.7 6.7 5.3 5.3 4.5 4.5 4.5 4.5 4.5 5.3 6.7 6.7 8.2 8.2 8.2 8.2 14.2 8.2 8.2 6.7 10.1 10.1 16.9 20.3 22.4 8.2 8.2 6.7 8.2 10.1 20.0 21.0 21.0 21.0 21.0 21.0 6.4 6.4 5.3 8.7 8.7 9.2 16.6 9.9 11.5 11.5 12.3 12.3 41.4 41.4 8.9 8.9 8.9 8.9 10.8 10.8 10.8 10.8
九 Kowloon Bay 14.2 14.2 14.2 14.2 14.2 14.2 14.2 11.9 11.9 11.9 11.9 11.9 11.9 11.9 11.9 11.9 14.2 8.2 8.2 8.2 8.2 8.2 8.2 8.2 8.2 10.1 10.1 10.1 10.1 10.1 10.1 8.2 8.2 8.2 8.2 8.2 6.7 6.7 5.3 5.3 4.5 4.5 4.5 4.5 4.5 5.3 6.7 6.7 8.2 8.2 8.2 14.2 8.2 8.2 8.2 10.1 10.1 16.9 20.3 22.4 8.2 8.2 8.2 10.1 11.5 21.5 23.0 23.0 23.0 23.0 23.0 7.6 7.6 6.7 10.1 10.1 10.6 17.7 11.1 12.1 12.1 13.6 13.6 42.6 42.6 10.2 10.2 10.2 10.2 12.0 12.0 12.0 12.0
牛^角 Ngau Tau Kok 14.2 14.2 14.2 14.2 14.2 14.2 11.9 11.9 11.9 9.7 9.7 9.7 9.7 9.7 11.9 11.9 11.9 8.2 8.2 8.2 8.2 8.2 8.2 8.2 8.2 10.1 10.1 10.1 10.1 10.1 10.1 8.2 8.2 8.2 8.2 8.2 8.2 6.7 6.7 5.3 5.3 4.5 4.5 4.5 4.5 5.3 5.3 6.7 6.7 8.2 8.2 14.2 8.2 8.2 8.2 10.1 10.1 16.9 20.3 22.4 8.2 8.2 8.2 10.1 11.5 21.5 23.0 23.0 23.0 23.0 23.0 7.6 7.6 6.7 10.1 10.1 10.6 17.7 11.1 12.1 12.1 13.6 13.6 42.6 42.6 10.2 10.2 10.2 10.2 12.0 12.0 12.0 12.0
^塘 Kwun Tong 14.2 14.2 14.2 14.2 14.2 14.2 11.9 11.9 11.9 9.7 9.7 9.7 9.7 9.7 11.9 11.9 11.9 8.2 8.2 8.2 8.2 8.2 8.2 8.2 8.2 10.1 10.1 10.1 10.1 10.1 10.1 8.2 8.2 8.2 8.2 8.2 8.2 6.7 6.7 6.7 5.3 4.5 4.5 4.5 4.5 4.5 5.3 5.3 6.7 6.7 6.7 14.2 8.2 8.2 8.2 10.1 10.1 16.9 20.3 22.4 8.2 8.2 8.2 10.1 11.5 21.5 23.0 23.0 23.0 23.0 23.0 7.6 7.6 6.7 10.1 10.1 10.6 17.7 11.1 12.1 12.1 13.6 13.6 42.6 42.6 10.2 10.2 10.2 10.2 12.0 12.0 12.0 12.0
{田 Lam Tin 14.2 14.2 14.2 14.2 14.2 14.2 11.9 11.9 11.9 9.7 9.7 9.7 9.7 9.7 11.9 11.9 11.9 8.2 8.2 8.2 8.2 8.2 8.2 8.2 8.2 10.1 10.1 10.1 10.1 10.1 10.1 8.2 8.2 8.2 8.2 8.2 8.2 8.2 6.7 6.7 6.7 5.3 4.5 4.5 4.5 4.5 4.5 5.3 5.3 6.7 6.7 14.2 8.2 8.2 8.2 10.1 10.1 16.9 20.3 22.4 8.2 8.2 8.2 10.1 11.5 21.5 23.0 23.0 23.0 23.0 23.0 9.1 9.1 8.2 11.0 11.0 11.3 20.0 12.0 13.6 13.6 15.8 15.8 44.0 44.0 11.0 11.0 11.0 11.0 14.3 14.3 14.3 14.3

油塘 Yau Tong 14.2 14.2 14.2 14.2 14.2 14.2 11.9 11.9 11.9 9.7 9.7 9.7 9.7 9.7 11.9 11.9 11.9 8.2 8.2 8.2 8.2 8.2 10.1 10.1 10.1 10.1 10.1 10.1 10.1 10.1 11.9 8.2 8.2 8.2 8.2 8.2 8.2 8.2 8.2 8.2 6.7 6.7 5.3 5.3 4.5 4.5 4.5 4.5 5.3 5.3 5.3 14.2 8.2 8.2 10.1 10.1 10.1 20.3 22.4 25.7 8.2 8.2 10.1 10.1 11.7 22.0 23.5 23.5 23.5 23.5 23.5 9.1 9.1 8.2 11.0 11.0 11.3 20.0 12.0 13.6 13.6 15.8 15.8 44.0 44.0 11.0 11.0 11.0 11.0 14.3 14.3 14.3 14.3
{景X Tiu Keng Leng 14.2 14.2 14.2 14.2 14.2 14.2 14.2 11.9 11.9 11.9 11.9 11.9 11.9 11.9 11.9 11.9 14.2 10.1 10.1 10.1 10.1 10.1 10.1 10.1 10.1 10.1 10.1 10.1 10.1 11.9 11.9 10.1 10.1 10.1 10.1 10.1 10.1 8.2 8.2 8.2 8.2 6.7 6.7 5.3 5.3 4.5 4.5 4.5 4.5 5.3 5.3 14.2 10.1 10.1 10.1 10.1 10.1 20.3 22.4 25.7 10.1 10.1 10.1 10.1 11.7 22.0 23.5 23.5 23.5 23.5 23.5 9.1 9.1 8.2 11.0 11.0 11.3 20.0 12.0 13.6 13.6 15.8 15.8 44.0 44.0 11.0 11.0 11.0 11.0 14.3 14.3 14.3 14.3
④澳 Tseung Kwan O 14.2 14.2 14.2 14.2 14.2 14.2 14.2 14.2 11.9 11.9 11.9 11.9 11.9 11.9 11.9 14.2 14.2 10.1 10.1 10.1 10.1 10.1 10.1 10.1 10.1 10.1 10.1 10.1 11.9 11.9 11.9 10.1 10.1 10.1 10.1 10.1 10.1 10.1 8.2 8.2 8.2 8.2 6.7 6.7 5.3 5.3 4.5 4.5 4.5 4.5 4.5 14.2 10.1 10.1 10.1 10.1 11.9 20.3 22.4 25.7 10.1 10.1 10.1 10.1 11.7 22.0 23.5 23.5 23.5 23.5 23.5 10.9 10.9 10.1 12.5 12.5 13.0 21.7 13.7 16.0 16.0 17.5 17.5 45.7 45.7 12.6 12.6 12.6 12.6 15.9 15.9 15.9 15.9
坑口 Hang Hau 14.2 14.2 14.2 14.2 14.2 14.2 14.2 14.2 14.2 11.9 11.9 11.9 11.9 11.9 14.2 14.2 14.2 10.1 10.1 10.1 10.1 10.1 10.1 10.1 10.1 10.1 10.1 11.9 11.9 11.9 11.9 10.1 10.1 10.1 10.1 10.1 10.1 10.1 10.1 8.2 8.2 8.2 8.2 6.7 6.7 5.3 5.3 4.5 4.5 4.5 4.5 14.2 10.1 10.1 10.1 10.1 11.9 20.3 22.4 25.7 10.1 10.1 10.1 10.1 11.7 22.0 23.5 23.5 23.5 23.5 23.5 10.9 10.9 10.1 12.5 12.5 13.0 21.7 13.7 16.0 16.0 17.5 17.5 45.7 45.7 12.6 12.6 12.6 12.6 15.9 15.9 15.9 15.9
琳 Po Lam 14.2 14.2 14.2 14.2 14.2 14.2 14.2 14.2 14.2 14.2 11.9 11.9 11.9 14.2 14.2 14.2 14.2 10.1 10.1 10.1 10.1 10.1 10.1 10.1 10.1 10.1 11.9 11.9 11.9 11.9 11.9 10.1 10.1 10.1 10.1 10.1 10.1 10.1 10.1 10.1 8.2 8.2 8.2 8.2 6.7 6.7 5.3 5.3 4.5 4.5 4.5 14.2 10.1 10.1 10.1 11.9 11.9 20.3 22.4 25.7 10.1 10.1 10.1 10.1 11.7 22.0 23.5 23.5 23.5 23.5 23.5 10.9 10.9 10.1 12.5 12.5 13.0 21.7 13.7 16.0 16.0 17.5 17.5 45.7 45.7 12.6 12.6 12.6 12.6 15.9 15.9 15.9 15.9
康城 LOHAS Park 14.2 14.2 14.2 14.2 14.2 14.2 14.2 14.2 14.2 14.2 11.9 11.9 11.9 14.2 14.2 14.2 14.2 10.1 10.1 10.1 10.1 10.1 10.1 10.1 10.1 10.1 11.9 11.9 11.9 11.9 11.9 10.1 10.1 10.1 10.1 10.1 10.1 10.1 10.1 10.1 8.2 8.2 8.2 8.2 6.7 6.7 5.3 5.3 4.5 4.5 4.5 14.2 10.1 10.1 10.1 11.9 11.9 20.3 22.4 25.7 10.1 10.1 10.1 10.1 11.7 22.0 23.5 23.5 23.5 23.5 23.5 10.9 10.9 10.1 12.5 12.5 13.0 21.7 13.7 16.0 16.0 17.5 17.5 45.7 45.7 12.6 12.6 12.6 12.6 15.9 15.9 15.9 15.9

香港 Hong Kong 5.3 5.3 4.5 4.5 4.5 4.5 5.3 5.3 5.3 6.7 6.7 6.7 8.2 8.2 8.2 8.2 9.7 9.7 11.9 11.9 11.9 11.9 11.9 14.2 14.2 14.2 14.2 14.2 14.2 14.2 11.9 11.9 11.9 11.9 11.9 11.9 11.9 14.2 14.2 14.2 14.2 14.2 14.2 14.2 14.2 14.2 14.2 14.2 14.2 14.2 14.2 9.7 11.9 11.9 14.2 14.2 20.3 22.4 25.7 9.7 9.7 11.9 14.2 16.2 25.8 27.0 27.0 27.0 27.0 27.0 11.3 11.6 11.9 15.5 15.5 16.0 23.6 16.7 18.1 18.1 20.3 20.3 47.6 47.6 15.6 15.6 15.6 15.6 19.0 19.0 19.0 19.0
九 Kowloon 11.9 11.9 11.9 9.7 9.7 9.7 9.7 11.9 11.9 11.9 11.9 11.9 14.2 14.2 14.2 14.2 14.2 4.5 4.5 4.5 4.5 5.3 5.3 6.7 6.7 8.2 8.2 10.1 10.1 10.1 10.1 5.6 5.6 4.5 4.5 5.3 5.3 6.7 6.7 8.2 8.2 8.2 8.2 8.2 8.2 8.2 8.2 10.1 10.1 10.1 10.1 10.1 9.7 4.5 5.3 8.2 10.1 14.3 16.9 20.3 4.5 4.5 5.3 8.2 9.3 18.8 19.9 19.9 19.9 19.9 19.9 6.2 7.0 6.7 10.1 10.1 10.6 17.7 11.1 12.1 12.1 13.6 13.6 42.6 42.6 10.2 10.2 10.2 10.2 12.0 12.0 12.0 12.0
W\ Olympic 11.9 11.9 11.9 11.9 11.9 11.9 11.9 11.9 11.9 11.9 11.9 14.2 14.2 14.2 14.2 14.2 14.2 5.3 4.5 4.5 4.5 4.5 4.5 5.3 5.3 6.7 6.7 8.2 8.2 8.2 8.2 5.6 5.6 4.5 4.5 4.5 4.5 5.3 5.3 6.7 6.7 8.2 8.2 8.2 8.2 8.2 8.2 10.1 10.1 10.1 10.1 10.1 11.9 4.5 4.5 6.7 8.2 14.3 16.9 20.3 5.3 4.5 4.5 6.7 8.3 17.1 19.0 19.0 19.0 19.0 19.0 6.4 6.4 5.3 8.7 8.7 9.2 16.6 9.9 11.5 11.5 12.3 12.3 41.4 41.4 8.9 8.9 8.9 8.9 10.8 10.8 10.8 10.8
南昌 Nam Cheong 14.2 11.9 11.9 11.9 11.9 11.9 11.9 11.9 11.9 14.2 14.2 14.2 14.2 14.2 14.2 14.2 14.2 5.6 5.3 5.3 4.5 4.5 4.5 4.5 4.5 5.3 5.3 6.7 6.7 8.2 8.2 5.6 5.6 5.3 4.5 4.5 4.5 4.5 5.3 5.3 6.7 6.7 8.2 8.2 8.2 8.2 10.1 10.1 10.1 10.1 10.1 10.1 11.9 5.3 4.5 5.3 6.7 11.9 14.3 16.9 5.6 5.3 5.3 7.9 15.2 16.2 16.2 16.2 16.2 16.2 5.6 5.5 4.5 7.7 7.7 8.2 15.5 8.9 10.6 10.6 11.3 11.3 40.5 40.5 7.8 7.8 7.8 7.8 9.8 9.8 9.8 9.8
荔景 Lai King 14.2 14.2 14.2 14.2 14.2 14.2 14.2 14.2 14.2 14.2 14.2 14.2 14.2 14.2 14.2 14.2 14.2 10.1 8.2 8.2 6.7 6.7 5.3 5.3 4.5 4.5 4.5 4.5 5.3 5.3 10.1 8.2 8.2 6.7 6.7 6.7 6.7 8.2 8.2 8.2 10.1 10.1 10.1 10.1 10.1 10.1 10.1 10.1 10.1 11.9 11.9 14.2 8.2 6.7 5.3 4.5 11.9 14.3 16.9 10.1 8.2 5.3 4.5 5.3 15.9 17.1 17.1 17.1 17.1 17.1 7.6 7.6 6.7 10.1 10.1 10.6 17.7 11.1 12.1 12.1 13.6 13.6 42.6 42.6 10.2 10.2 10.2 10.2 12.0 12.0 12.0 12.0
青衣 Tsing Yi 14.2 14.2 14.2 14.2 14.2 14.2 14.2 14.2 14.2 14.2 14.2 14.2 14.2 14.2 14.2 14.2 14.2 10.1 10.1 10.1 8.2 8.2 6.7 6.7 5.3 5.3 4.5 4.5 4.5 4.5 4.5 10.1 10.1 10.1 8.2 8.2 8.2 8.2 8.2 10.1 10.1 10.1 10.1 10.1 10.1 10.1 10.1 10.1 11.9 11.9 11.9 11.9 14.2 10.1 8.2 6.7 4.5 11.9 14.3 14.3 10.1 10.1 6.7 5.3 5.3 16.9 18.8 18.8 18.8 18.8 18.8 9.1 9.1 8.2 11.0 11.0 11.3 20.0 12.0 13.6 13.6 15.8 15.8 44.0 44.0 11.0 11.0 11.0 11.0 14.3 14.3 14.3 14.3
欣澳 Sunny Bay 22.4 20.3 20.3 20.3 20.3 20.3 20.3 20.3 20.3 22.4 22.4 22.4 22.4 22.4 22.4 22.4 22.4 14.3 14.3 14.3 14.3 14.3 11.9 11.9 11.9 11.9 11.9 11.9 11.9 11.9 11.9 14.3 14.3 14.3 14.3 14.3 14.3 14.3 14.3 14.3 14.3 16.9 16.9 16.9 16.9 16.9 20.3 20.3 20.3 20.3 20.3 20.3 20.3 14.3 14.3 11.9 11.9 11.9 10.1 6.7 14.3 14.3 11.9 11.9 14.8 24.8 25.8 25.8 25.8 25.8 25.8 16.5 16.5 14.3 19.0 19.0 20.0 26.7 20.6 22.1 22.1 23.4 23.4 49.7 49.7 19.6 19.6 19.6 19.6 22.0 22.0 22.0 22.0
|涌 Tung Chung 25.7 22.4 22.4 22.4 22.4 22.4 22.4 22.4 22.4 25.7 25.7 25.7 25.7 25.7 25.7 25.7 25.7 16.9 16.9 16.9 16.9 16.9 14.3 14.3 14.3 14.3 14.3 14.3 14.3 14.3 14.3 16.9 16.9 16.9 16.9 16.9 16.9 16.9 16.9 16.9 16.9 20.3 20.3 20.3 20.3 20.3 22.4 22.4 22.4 22.4 22.4 22.4 22.4 16.9 16.9 14.3 14.3 14.3 10.1 14.3 16.9 16.9 14.3 14.3 18.5 27.8 28.7 28.7 28.7 28.7 28.7 20.2 20.2 16.9 22.4 22.4 22.9 29.1 23.4 25.0 25.0 26.1 26.1 52.3 52.3 23.1 23.1 23.1 23.1 25.6 25.6 25.6 25.6
迪士尼 Disneyland Resort 25.7 25.7 25.7 25.7 25.7 25.7 25.7 25.7 25.7 25.7 25.7 25.7 25.7 25.7 25.7 25.7 25.7 20.3 20.3 20.3 20.3 20.3 16.9 16.9 16.9 16.9 16.9 16.9 16.9 16.9 16.9 20.3 20.3 20.3 20.3 20.3 20.3 20.3 20.3 20.3 20.3 22.4 22.4 22.4 22.4 22.4 25.7 25.7 25.7 25.7 25.7 25.7 25.7 20.3 20.3 16.9 16.9 14.3 6.7 14.3 20.3 20.3 16.9 16.9 21.7 30.4 31.4 31.4 31.4 31.4 31.4 23.6 23.6 20.3 25.8 25.8 26.2 32.1 26.8 28.0 28.0 29.3 29.3 55.3 55.3 27.0 27.0 27.0 27.0 29.0 29.0 29.0 29.0

尖| East Tsim Sha Tsui 11.9 11.9 11.9 9.7 9.7 9.7 9.7 11.9 11.9 11.9 11.9 11.9 14.2 14.2 14.2 14.2 14.2 4.5 4.5 5.3 5.3 6.7 6.7 8.0 8.0 10.1 10.1 10.1 10.1 10.1 5.3 5.3 4.5 5.3 5.3 6.7 6.7 8.2 8.2 8.2 8.2 8.2 8.2 8.2 8.2 8.2 10.1 10.1 10.1 10.1 10.1 9.7 4.5 5.3 5.6 10.1 10.1 14.3 16.9 20.3 4.5 5.6 8.0 10.1 20.0 21.0 21.0 21.0 21.0 21.0 4.4 5.3 6.7 9.2 9.2 10.1 15.9 10.1 12.1 12.1 13.5 13.5 40.4 40.4 10.2 10.2 10.2 10.2 12.9 12.9 12.9 12.9
柯士甸 Austin 11.9 11.9 11.9 9.7 9.7 9.7 9.7 11.9 11.9 11.9 11.9 11.9 14.2 14.2 14.2 14.2 14.2 4.5 4.5 4.5 4.5 5.3 5.3 6.7 6.7 8.0 8.2 10.1 10.1 10.1 10.1 5.6 5.6 4.5 4.5 5.3 5.3 6.7 6.7 8.2 8.2 8.2 8.2 8.2 8.2 8.2 8.2 10.1 10.1 10.1 10.1 10.1 9.7 4.5 4.5 5.3 8.2 10.1 14.3 16.9 20.3 4.5 5.3 8.0 9.5 19.0 20.0 20.0 20.0 20.0 20.0 5.6 7.1 6.7 10.2 10.2 10.7 17.8 11.2 12.2 12.2 13.7 13.7 42.7 42.7 10.2 10.2 10.2 10.2 12.1 12.1 12.1 12.1
南昌 Nam Cheong 14.2 11.9 11.9 11.9 11.9 11.9 11.9 11.9 11.9 14.2 14.2 14.2 14.2 14.2 14.2 14.2 14.2 5.6 5.3 5.3 4.5 4.5 4.5 4.5 4.5 5.3 5.3 6.7 6.7 8.2 8.2 5.6 5.6 5.3 4.5 4.5 4.5 4.5 5.3 5.3 6.7 6.7 8.2 8.2 8.2 8.2 10.1 10.1 10.1 10.1 10.1 10.1 11.9 5.3 4.5 5.3 6.7 11.9 14.3 16.9 5.6 5.3 5.3 7.9 15.2 16.2 16.2 16.2 16.2 16.2 5.6 5.5 4.5 7.7 7.7 8.2 15.5 8.9 10.6 10.6 11.3 11.3 40.5 40.5 7.8 7.8 7.8 7.8 9.8 9.8 9.8 9.8
美孚 Mei Foo 14.2 14.2 14.2 14.2 14.2 14.2 14.2 14.2 14.2 14.2 14.2 14.2 14.2 14.2 14.2 14.2 14.2 8.0 8.0 6.7 6.7 5.3 5.3 4.5 4.5 4.5 4.5 5.3 5.3 6.7 8.0 8.0 6.7 6.7 5.3 5.3 6.7 6.7 8.2 8.2 8.2 10.1 10.1 10.1 10.1 10.1 10.1 10.1 10.1 10.1 10.1 14.2 8.2 6.7 5.3 4.5 5.3 11.9 14.3 16.9 8.0 8.0 5.3 6.5 14.2 15.2 15.2 15.2 15.2 15.2 8.0 8.0 6.7 10.1 10.1 10.6 17.7 11.1 12.1 12.1 13.6 13.6 42.6 42.6 10.2 10.2 10.2 10.2 12.0 12.0 12.0 12.0
荃澄 Tsuen Wan West 16.9 16.2 16.2 16.2 16.2 16.2 16.2 16.2 16.2 16.9 16.9 16.9 16.9 16.9 16.9 16.9 16.9 10.1 9.3 9.1 8.3 7.8 7.8 6.8 6.8 6.5 5.3 5.3 5.3 4.5 4.5 10.1 9.3 9.1 8.3 7.8 7.8 8.3 9.1 9.3 10.1 10.1 11.5 11.5 11.5 11.5 11.7 11.7 11.7 11.7 11.7 11.7 16.2 9.3 8.3 7.9 5.3 5.3 14.8 18.5 21.7 10.1 9.5 7.9 6.5 12.3 13.5 13.5 13.5 13.5 13.5 10.2 8.4 8.3 10.2 10.2 10.7 17.8 11.2 12.2 12.2 13.7 13.7 44.4 44.4 10.7 10.7 10.7 10.7 13.0 13.0 13.0 13.0
\上路 Kam Sheung Road 27.0 25.8 25.8 25.8 25.8 25.8 25.8 25.8 25.8 27.0 27.0 27.0 27.0 27.0 27.0 27.0 27.0 20.0 18.8 18.8 17.1 16.9 16.9 15.9 15.9 14.2 15.9 15.9 16.9 16.9 19.0 20.0 18.8 18.8 17.1 16.9 16.9 17.1 18.8 18.8 20.0 20.0 21.5 21.5 21.5 21.5 22.0 22.0 22.0 22.0 22.0 22.0 25.8 18.8 17.1 15.2 15.9 16.9 24.8 27.8 30.4 20.0 19.0 15.2 14.2 12.3 4.7 5.8 5.9 6.5 7.5 20.1 17.2 17.1 17.8 17.8 18.2 25.5 19.2 20.7 20.7 22.1 22.1 52.5 52.5 19.4 19.4 19.4 19.4 21.8 21.8 21.8 21.8
元朗 Yuen Long 27.9 27.0 27.0 27.0 27.0 27.0 27.0 27.0 27.0 27.9 27.9 27.9 27.9 27.9 27.9 27.9 27.9 21.0 19.9 19.9 19.0 18.8 18.8 17.1 17.1 15.2 17.1 17.1 18.8 18.8 20.0 21.0 19.9 19.9 19.0 18.8 18.8 19.0 19.9 19.9 21.0 21.0 23.0 23.0 23.0 23.0 23.5 23.5 23.5 23.5 23.5 23.5 27.0 19.9 19.0 16.2 17.1 18.8 25.8 28.7 31.4 21.0 20.0 16.2 15.2 13.5 4.7 4.7 4.8 5.2 6.4 21.1 19.1 19.0 19.2 19.2 19.6 26.5 20.2 21.8 21.8 23.1 23.1 54.0 54.0 20.4 20.4 20.4 20.4 22.8 22.8 22.8 22.8
朗屏 Long Ping 27.9 27.0 27.0 27.0 27.0 27.0 27.0 27.0 27.0 27.9 27.9 27.9 27.9 27.9 27.9 27.9 27.9 21.0 19.9 19.9 19.0 18.8 18.8 17.1 17.1 15.2 17.1 17.1 18.8 18.8 20.0 21.0 19.9 19.9 19.0 18.8 18.8 19.0 19.9 19.9 21.0 21.0 23.0 23.0 23.0 23.0 23.5 23.5 23.5 23.5 23.5 23.5 27.0 19.9 19.0 16.2 17.1 18.8 25.8 28.7 31.4 21.0 20.0 16.2 15.2 13.5 5.8 4.7 4.7 5.2 5.8 21.1 19.1 19.0 19.2 19.2 19.6 26.5 20.2 21.8 21.8 23.1 23.1 54.0 54.0 20.4 20.4 20.4 20.4 22.8 22.8 22.8 22.8
天水 Tin Shui Wai 27.9 27.0 27.0 27.0 27.0 27.0 27.0 27.0 27.0 27.9 27.9 27.9 27.9 27.9 27.9 27.9 27.9 21.0 19.9 19.9 19.0 18.8 18.8 17.1 17.1 15.2 17.1 17.1 18.8 18.8 20.0 21.0 19.9 19.9 19.0 18.8 18.8 19.0 19.9 19.9 21.0 21.0 23.0 23.0 23.0 23.0 23.5 23.5 23.5 23.5 23.5 23.5 27.0 19.9 19.0 16.2 17.1 18.8 25.8 28.7 31.4 21.0 20.0 16.2 15.2 13.5 5.9 4.8 4.7 4.8 5.2 21.1 19.1 19.0 19.2 19.2 19.6 26.5 20.2 21.8 21.8 23.1 23.1 54.0 54.0 20.4 20.4 20.4 20.4 22.8 22.8 22.8 22.8
兆康 Siu Hong 27.9 27.0 27.0 27.0 27.0 27.0 27.0 27.0 27.0 27.9 27.9 27.9 27.9 27.9 27.9 27.9 27.9 21.0 19.9 19.9 19.0 18.8 18.8 17.1 17.1 15.2 17.1 17.1 18.8 18.8 20.0 21.0 19.9 19.9 19.0 18.8 18.8 19.0 19.9 19.9 21.0 21.0 23.0 23.0 23.0 23.0 23.5 23.5 23.5 23.5 23.5 23.5 27.0 19.9 19.0 16.2 17.1 18.8 25.8 28.7 31.4 21.0 20.0 16.2 15.2 13.5 6.5 5.2 5.2 4.8 4.7 21.1 19.1 19.0 19.2 19.2 19.6 26.5 20.2 21.8 21.8 23.1 23.1 54.0 54.0 20.4 20.4 20.4 20.4 22.8 22.8 22.8 22.8
屯T Tuen Mun 27.9 27.0 27.0 27.0 27.0 27.0 27.0 27.0 27.0 27.9 27.9 27.9 27.9 27.9 27.9 27.9 27.9 21.0 19.9 19.9 19.0 18.8 18.8 17.1 17.1 15.2 17.1 17.1 18.8 18.8 20.0 21.0 19.9 19.9 19.0 18.8 18.8 19.0 19.9 19.9 21.0 21.0 23.0 23.0 23.0 23.0 23.5 23.5 23.5 23.5 23.5 23.5 27.0 19.9 19.0 16.2 17.1 18.8 25.8 28.7 31.4 21.0 20.0 16.2 15.2 13.5 7.5 6.4 5.8 5.2 4.7 21.1 19.1 19.0 19.2 19.2 19.6 26.5 20.2 21.8 21.8 23.1 23.1 54.0 54.0 20.4 20.4 20.4 20.4 22.8 22.8 22.8 22.8

t| Hung Hom 13.4 13.4 11.9 11.3 11.3 11.3 11.3 11.9 13.4 13.4 13.4 13.4 15.4 15.4 15.4 15.4 15.4 4.4 4.5 5.3 5.3 5.3 5.3 6.4 6.4 8.0 7.6 9.1 9.1 9.1 9.1 4.5 4.5 5.3 5.3 5.3 5.3 3.7 5.3 5.3 6.4 6.4 7.6 7.6 7.6 9.1 9.1 9.1 10.9 10.9 10.9 10.9 11.3 6.2 6.4 5.6 7.6 9.1 16.5 20.2 23.6 4.4 5.6 5.6 8.0 10.2 20.1 21.1 21.1 21.1 21.1 21.1 3.7 3.7 5.9 5.9 7.3 14.0 7.3 9.0 9.0 10.2 10.2 38.1 38.1 7.5 7.5 7.5 7.5 10.2 10.2 10.2 10.2
旺角| Mong Kok East 14.2 14.2 11.9 11.6 11.6 11.6 11.6 11.9 14.2 14.2 14.5 14.5 15.4 15.4 15.4 15.4 15.4 5.3 5.3 5.3 4.5 4.5 5.3 6.4 6.4 8.0 7.6 9.1 9.1 9.1 9.1 5.3 5.3 5.3 4.5 4.5 5.3 3.7 5.3 5.3 6.4 6.4 7.6 7.6 7.6 9.1 9.1 9.1 10.9 10.9 10.9 10.9 11.6 7.0 6.4 5.5 7.6 9.1 16.5 20.2 23.6 5.3 7.1 5.5 8.0 8.4 17.2 19.1 19.1 19.1 19.1 19.1 3.7 3.7 5.9 5.9 6.5 13.5 7.3 9.0 9.0 10.2 10.2 38.1 38.1 7.5 7.5 7.5 7.5 10.2 10.2 10.2 10.2
九塘 Kowloon Tong 14.2 14.2 11.9 11.9 11.9 11.9 11.9 11.9 14.2 14.2 14.2 14.2 14.2 14.2 14.2 14.2 14.2 6.7 6.7 5.3 5.3 4.5 4.5 5.3 5.3 6.7 6.7 8.2 8.2 8.2 8.2 6.7 6.7 5.3 5.3 4.5 4.5 4.5 4.5 5.3 5.3 6.7 6.7 6.7 8.2 8.2 8.2 10.1 10.1 10.1 10.1 11.9 6.7 5.3 4.5 6.7 8.2 14.3 16.9 20.3 6.7 6.7 4.5 6.7 8.3 17.1 19.0 19.0 19.0 19.0 19.0 3.7 3.7 5.9 5.9 6.5 13.4 7.1 8.9 8.9 10.1 10.1 38.0 38.0 7.4 7.4 7.4 7.4 9.8 9.8 9.8 9.8
大 Tai Wai 17.7 17.7 15.5 15.5 15.5 15.5 15.5 15.5 17.7 17.7 17.7 17.7 17.7 17.7 17.7 17.7 17.7 9.2 9.2 8.7 8.7 7.7 7.7 8.7 8.7 10.1 10.1 11.0 11.0 11.0 11.0 9.2 9.2 8.7 8.7 7.7 7.7 5.9 7.7 7.7 8.7 8.7 10.1 10.1 10.1 11.0 11.0 11.0 12.5 12.5 12.5 12.5 15.5 10.1 8.7 7.7 10.1 11.0 19.0 22.4 25.8 9.2 10.2 7.7 10.1 10.2 17.8 19.2 19.2 19.2 19.2 19.2 5.9 5.9 5.9 3.7 3.7 7.3 4.3 5.9 5.9 7.0 7.0 30.2 30.2 3.7 5.3 5.3 5.3 7.0 7.0 7.0 7.0
沙田 Sha Tin 17.7 17.7 15.5 15.5 15.5 15.5 15.5 15.5 17.7 17.7 17.7 17.7 17.7 17.7 17.7 17.7 17.7 9.2 9.2 8.7 8.7 7.7 7.7 8.7 8.7 10.1 10.1 11.0 11.0 11.0 11.0 9.2 9.2 8.7 8.7 7.7 7.7 5.9 7.7 7.7 8.7 8.7 10.1 10.1 10.1 11.0 11.0 11.0 12.5 12.5 12.5 12.5 15.5 10.1 8.7 7.7 10.1 11.0 19.0 22.4 25.8 9.2 10.2 7.7 10.1 10.2 17.8 19.2 19.2 19.2 19.2 19.2 5.9 5.9 5.9 3.7 3.7 7.3 4.3 5.9 5.9 7.0 7.0 30.2 30.2 5.3 5.3 5.3 5.3 7.0 7.0 7.0 7.0
火炭 Fo Tan 18.1 18.1 16.0 16.0 16.0 16.0 16.0 16.0 18.1 18.1 18.1 18.1 18.1 18.1 18.1 18.1 18.1 10.1 10.1 9.2 9.2 8.2 8.2 9.2 9.2 10.6 10.6 11.3 11.3 11.3 11.3 10.1 10.1 9.2 9.2 8.2 8.2 6.5 8.2 8.2 9.2 9.2 10.6 10.6 10.6 11.3 11.3 11.3 13.0 13.0 13.0 13.0 16.0 10.6 9.2 8.2 10.6 11.3 20.0 22.9 26.2 10.1 10.7 8.2 10.6 10.7 18.2 19.6 19.6 19.6 19.6 19.6 7.3 6.5 6.5 3.7 3.7 7.0 3.7 5.9 5.9 7.0 7.0 27.8 27.8 5.3 5.3 5.3 5.3 7.0 7.0 7.0 7.0
R Racecourse 25.7 25.7 23.6 23.6 23.6 23.6 23.6 23.6 25.7 25.7 25.7 25.7 25.7 25.7 25.7 25.7 25.7 15.9 15.9 15.9 15.9 15.5 15.5 16.6 16.6 17.7 17.7 20.0 20.0 20.0 20.0 15.9 15.9 15.9 15.9 15.5 15.5 13.4 15.5 15.5 16.6 16.6 17.7 17.7 17.7 20.0 20.0 20.0 21.7 21.7 21.7 21.7 23.6 17.7 16.6 15.5 17.7 20.0 26.7 29.1 32.1 15.9 17.8 15.5 17.7 17.8 25.5 26.5 26.5 26.5 26.5 26.5 14.0 13.5 13.4 7.3 7.3 7.0 7.0 7.5 7.5 11.0 11.0 25.7 25.7 9.0 9.0 9.0 9.0 10.2 10.2 10.2 10.2
大W University 19.1 19.1 16.7 16.7 16.7 16.7 16.7 16.7 19.1 19.1 19.1 19.1 19.1 19.1 19.1 19.1 19.1 10.1 10.1 9.9 9.9 8.9 8.9 9.9 9.9 11.1 11.1 12.0 12.0 12.0 12.0 10.1 10.1 9.9 9.9 8.9 8.9 7.1 8.9 8.9 9.9 9.9 11.1 11.1 11.1 12.0 12.0 12.0 13.7 13.7 13.7 13.7 16.7 11.1 9.9 8.9 11.1 12.0 20.6 23.4 26.8 10.1 11.2 8.9 11.1 11.2 19.2 20.2 20.2 20.2 20.2 20.2 7.3 7.3 7.1 4.3 4.3 3.7 7.0 4.3 4.3 5.9 5.9 27.6 27.6 5.3 5.3 5.3 5.3 7.0 7.0 7.0 7.0
大埔墟Tai Po Market 21.1 21.1 18.1 18.1 18.1 18.1 18.1 18.1 21.1 21.1 21.1 21.1 21.1 21.1 21.1 21.1 21.1 12.1 12.1 11.5 11.5 10.6 10.6 11.5 11.5 12.1 12.1 13.6 13.6 13.6 13.6 12.1 12.1 11.5 11.5 10.6 10.6 8.9 10.6 10.6 11.5 11.5 12.1 12.1 12.1 13.6 13.6 13.6 16.0 16.0 16.0 16.0 18.1 12.1 11.5 10.6 12.1 13.6 22.1 25.0 28.0 12.1 12.2 10.6 12.1 12.2 20.7 21.8 21.8 21.8 21.8 21.8 9.0 9.0 8.9 5.9 5.9 5.9 7.5 4.3 3.7 4.3 4.3 26.2 26.2 7.0 7.0 7.0 7.0 7.0 7.0 7.0 7.0
太和 Tai Wo 21.1 21.1 18.1 18.1 18.1 18.1 18.1 18.1 21.1 21.1 21.1 21.1 21.1 21.1 21.1 21.1 21.1 12.1 12.1 11.5 11.5 10.6 10.6 11.5 11.5 12.1 12.1 13.6 13.6 13.6 13.6 12.1 12.1 11.5 11.5 10.6 10.6 8.9 10.6 10.6 11.5 11.5 12.1 12.1 12.1 13.6 13.6 13.6 16.0 16.0 16.0 16.0 18.1 12.1 11.5 10.6 12.1 13.6 22.1 25.0 28.0 12.1 12.2 10.6 12.1 12.2 20.7 21.8 21.8 21.8 21.8 21.8 9.0 9.0 8.9 5.9 5.9 5.9 7.5 4.3 3.7 4.3 4.3 26.2 26.2 7.0 7.0 7.0 7.0 7.0 7.0 7.0 7.0
粉X Fanling 22.6 22.6 20.3 20.3 20.3 20.3 20.3 20.3 22.6 22.6 22.6 22.6 22.6 22.6 22.6 22.6 22.6 13.5 13.5 12.3 12.3 11.3 11.3 12.3 12.3 13.6 13.6 15.8 15.8 15.8 15.8 13.5 13.5 12.3 12.3 11.3 11.3 10.1 11.3 11.3 12.3 12.3 13.6 13.6 13.6 15.8 15.8 15.8 17.5 17.5 17.5 17.5 20.3 13.6 12.3 11.3 13.6 15.8 23.4 26.1 29.3 13.5 13.7 11.3 13.6 13.7 22.1 23.1 23.1 23.1 23.1 23.1 10.2 10.2 10.1 7.0 7.0 7.0 11.0 5.9 4.3 4.3 3.7 24.0 24.0 7.0 7.0 7.0 7.0 7.0 7.0 7.0 7.0
上水 Sheung Shui 22.6 22.6 20.3 20.3 20.3 20.3 20.3 20.3 22.6 22.6 22.6 22.6 22.6 22.6 22.6 22.6 22.6 13.5 13.5 12.3 12.3 11.3 11.3 12.3 12.3 13.6 13.6 15.8 15.8 15.8 15.8 13.5 13.5 12.3 12.3 11.3 11.3 10.1 11.3 11.3 12.3 12.3 13.6 13.6 13.6 15.8 15.8 15.8 17.5 17.5 17.5 17.5 20.3 13.6 12.3 11.3 13.6 15.8 23.4 26.1 29.3 13.5 13.7 11.3 13.6 13.7 22.1 23.1 23.1 23.1 23.1 23.1 10.2 10.2 10.1 7.0 7.0 7.0 11.0 5.9 4.3 4.3 3.7 24.0 24.0 7.0 7.0 7.0 7.0 7.0 7.0 7.0 7.0
_湖 Lo Wu 49.6 49.6 47.6 47.6 47.6 47.6 47.6 47.6 49.6 49.6 49.6 49.6 49.6 49.6 49.6 49.6 49.6 40.4 42.6 41.4 41.4 40.5 40.5 41.4 41.4 42.6 42.6 44.0 44.0 44.0 44.0 42.6 42.6 41.4 41.4 40.5 40.5 38.0 40.5 40.5 41.4 41.4 42.6 42.6 42.6 44.0 44.0 44.0 45.7 45.7 45.7 45.7 47.6 42.6 41.4 40.5 42.6 44.0 49.7 52.3 55.3 40.4 42.7 40.5 42.6 44.4 52.5 54.0 54.0 54.0 54.0 54.0 38.1 38.1 38.0 30.2 30.2 27.8 25.7 27.6 26.2 26.2 24.0 24.0 24.0 30.2 30.2 30.2 30.2 30.2 30.2 30.2 30.2
落R洲 Lok Ma Chau 49.6 49.6 47.6 47.6 47.6 47.6 47.6 47.6 49.6 49.6 49.6 49.6 49.6 49.6 49.6 49.6 49.6 40.4 42.6 41.4 41.4 40.5 40.5 41.4 41.4 42.6 42.6 44.0 44.0 44.0 44.0 42.6 42.6 41.4 41.4 40.5 40.5 38.0 40.5 40.5 41.4 41.4 42.6 42.6 42.6 44.0 44.0 44.0 45.7 45.7 45.7 45.7 47.6 42.6 41.4 40.5 42.6 44.0 49.7 52.3 55.3 40.4 42.7 40.5 42.6 44.4 52.5 54.0 54.0 54.0 54.0 54.0 38.1 38.1 38.0 30.2 30.2 27.8 25.7 27.6 26.2 26.2 24.0 24.0 24.0 30.2 30.2 30.2 30.2 30.2 30.2 30.2 30.2

公R Che Kung Temple 18.5 18.5 15.6 15.6 15.6 15.6 15.6 15.6 18.5 18.5 18.5 18.5 18.5 18.5 18.5 18.5 18.5 10.2 10.2 8.9 8.9 7.8 7.8 8.9 8.9 10.2 10.2 11.0 11.0 11.0 11.0 10.2 10.2 8.9 8.9 7.8 7.8 7.4 7.8 7.8 8.9 8.9 10.2 10.2 10.2 11.0 11.0 11.0 12.6 12.6 12.6 12.6 15.6 10.2 8.9 7.8 10.2 11.0 19.6 23.1 27.0 10.2 10.2 7.8 10.2 10.7 19.4 20.4 20.4 20.4 20.4 20.4 7.5 7.5 7.4 3.7 5.3 5.3 9.0 5.3 7.0 7.0 7.0 7.0 30.2 30.2 3.7 4.3 4.3 5.3 5.3 5.3 5.3
沙田 Sha Tin Wai 18.5 18.5 15.6 15.6 15.6 15.6 15.6 15.6 18.5 18.5 18.5 18.5 18.5 18.5 18.5 18.5 18.5 10.2 10.2 8.9 8.9 7.8 7.8 8.9 8.9 10.2 10.2 11.0 11.0 11.0 11.0 10.2 10.2 8.9 8.9 7.8 7.8 7.4 7.8 7.8 8.9 8.9 10.2 10.2 10.2 11.0 11.0 11.0 12.6 12.6 12.6 12.6 15.6 10.2 8.9 7.8 10.2 11.0 19.6 23.1 27.0 10.2 10.2 7.8 10.2 10.7 19.4 20.4 20.4 20.4 20.4 20.4 7.5 7.5 7.4 5.3 5.3 5.3 9.0 5.3 7.0 7.0 7.0 7.0 30.2 30.2 3.7 3.7 4.3 5.3 5.3 5.3 5.3
第一城 City One 18.5 18.5 15.6 15.6 15.6 15.6 15.6 15.6 18.5 18.5 18.5 18.5 18.5 18.5 18.5 18.5 18.5 10.2 10.2 8.9 8.9 7.8 7.8 8.9 8.9 10.2 10.2 11.0 11.0 11.0 11.0 10.2 10.2 8.9 8.9 7.8 7.8 7.4 7.8 7.8 8.9 8.9 10.2 10.2 10.2 11.0 11.0 11.0 12.6 12.6 12.6 12.6 15.6 10.2 8.9 7.8 10.2 11.0 19.6 23.1 27.0 10.2 10.2 7.8 10.2 10.7 19.4 20.4 20.4 20.4 20.4 20.4 7.5 7.5 7.4 5.3 5.3 5.3 9.0 5.3 7.0 7.0 7.0 7.0 30.2 30.2 4.3 3.7 3.7 5.3 5.3 5.3 5.3
石T Shek Mun 18.5 18.5 15.6 15.6 15.6 15.6 15.6 15.6 18.5 18.5 18.5 18.5 18.5 18.5 18.5 18.5 18.5 10.2 10.2 8.9 8.9 7.8 7.8 8.9 8.9 10.2 10.2 11.0 11.0 11.0 11.0 10.2 10.2 8.9 8.9 7.8 7.8 7.4 7.8 7.8 8.9 8.9 10.2 10.2 10.2 11.0 11.0 11.0 12.6 12.6 12.6 12.6 15.6 10.2 8.9 7.8 10.2 11.0 19.6 23.1 27.0 10.2 10.2 7.8 10.2 10.7 19.4 20.4 20.4 20.4 20.4 20.4 7.5 7.5 7.4 5.3 5.3 5.3 9.0 5.3 7.0 7.0 7.0 7.0 30.2 30.2 4.3 4.3 3.7 3.7 5.3 5.3 5.3
大水坑 Tai Shui Hang 21.0 21.0 19.0 19.0 19.0 19.0 19.0 19.0 21.0 21.0 21.0 21.0 21.0 21.0 21.0 21.0 21.0 12.9 12.0 10.8 10.8 9.8 9.8 10.8 10.8 12.0 12.0 14.3 14.3 14.3 14.3 12.9 12.0 10.8 10.8 9.8 9.8 9.8 9.8 9.8 10.8 10.8 12.0 12.0 12.0 14.3 14.3 14.3 15.9 15.9 15.9 15.9 19.0 12.0 10.8 9.8 12.0 14.3 22.0 25.6 29.0 12.9 12.1 9.8 12.0 13.0 21.8 22.8 22.8 22.8 22.8 22.8 10.2 10.2 9.8 7.0 7.0 7.0 10.2 7.0 7.0 7.0 7.0 7.0 30.2 30.2 5.3 5.3 5.3 3.7 3.7 4.3 4.3
a安 Heng On 21.0 21.0 19.0 19.0 19.0 19.0 19.0 19.0 21.0 21.0 21.0 21.0 21.0 21.0 21.0 21.0 21.0 12.9 12.0 10.8 10.8 9.8 9.8 10.8 10.8 12.0 12.0 14.3 14.3 14.3 14.3 12.9 12.0 10.8 10.8 9.8 9.8 9.8 9.8 9.8 10.8 10.8 12.0 12.0 12.0 14.3 14.3 14.3 15.9 15.9 15.9 15.9 19.0 12.0 10.8 9.8 12.0 14.3 22.0 25.6 29.0 12.9 12.1 9.8 12.0 13.0 21.8 22.8 22.8 22.8 22.8 22.8 10.2 10.2 9.8 7.0 7.0 7.0 10.2 7.0 7.0 7.0 7.0 7.0 30.2 30.2 5.3 5.3 5.3 5.3 3.7 3.7 4.3
R鞍山 Ma On Shan 21.0 21.0 19.0 19.0 19.0 19.0 19.0 19.0 21.0 21.0 21.0 21.0 21.0 21.0 21.0 21.0 21.0 12.9 12.0 10.8 10.8 9.8 9.8 10.8 10.8 12.0 12.0 14.3 14.3 14.3 14.3 12.9 12.0 10.8 10.8 9.8 9.8 9.8 9.8 9.8 10.8 10.8 12.0 12.0 12.0 14.3 14.3 14.3 15.9 15.9 15.9 15.9 19.0 12.0 10.8 9.8 12.0 14.3 22.0 25.6 29.0 12.9 12.1 9.8 12.0 13.0 21.8 22.8 22.8 22.8 22.8 22.8 10.2 10.2 9.8 7.0 7.0 7.0 10.2 7.0 7.0 7.0 7.0 7.0 30.2 30.2 5.3 5.3 5.3 5.3 4.3 3.7 3.7
跸沙 Wu Kai Sha 21.0 21.0 19.0 19.0 19.0 19.0 19.0 19.0 21.0 21.0 21.0 21.0 21.0 21.0 21.0 21.0 21.0 12.9 12.0 10.8 10.8 9.8 9.8 10.8 10.8 12.0 12.0 14.3 14.3 14.3 14.3 12.9 12.0 10.8 10.8 9.8 9.8 9.8 9.8 9.8 10.8 10.8 12.0 12.0 12.0 14.3 14.3 14.3 15.9 15.9 15.9 15.9 19.0 12.0 10.8 9.8 12.0 14.3 22.0 25.6 29.0 12.9 12.1 9.8 12.0 13.0 21.8 22.8 22.8 22.8 22.8 22.8 10.2 10.2 9.8 7.0 7.0 7.0 10.2 7.0 7.0 7.0 7.0 7.0 30.2 30.2 5.3 5.3 5.3 5.3 4.3 4.3 3.7
